0.000023177081,-0.000000823674,0.000000535307,0.000002927350,0.000014440280,-0.000023205017,0.000002325021,-0.000002769650,0.000000635041,0.000006769228,0.000004974442,-0.000004303863,0.000001762958,-0.000002648307,0.000000714239,0.000005884360,0.000004496309,-0.000002232798,0.000001589146,-0.000002143574,0.000000485958,0.000003618796,0.000005107333,-0.000000423768,0.000001328852,-0.000002044539,0.000000343962,0.000001805643,0.000005037700,0.000000501339,-0.000000344036,-0.000002371923,0.000000391406,0.000003989461,0.000003349107,0.000001144717,-0.000001746693,-0.000001576931,0.000000441725,0.000004981971,0.000000886053,0.000001987055,-0.000001854767,-0.000001508985,0.000000479061,0.000004317480,0.000000775541,0.000002410136,-0.000001824502,-0.000001384257,0.000000426296,0.000002984367,0.000001271625,0.000002992136,-0.000001811921,-0.000001337446,0.000000357412,0.000001859314,0.000001694528,0.000003098818,-0.000002215104,0.000000145811,0.000000336418,0.000001838689,0.000001420900,0.000003611142,-0.000001511824,0.000001556956,0.000000151935,0.000001192340,0.000001084688,0.000003501081,-0.000001318750,0.000001832756,-0.000000101202,-0.000001176789,0.000001013826,0.000002957799,-0.000001331702,0.000001905260,-0.000000292099,-0.000002855224,0.000000823203,0.000002065883,-0.000001319495,0.000001951939,-0.000000488406,-0.000004263077,0.000000632496,0.000001794063,0.000000415146,0.000002514712,-0.000000648900,-0.000004410690,0.000003877595,0.000000811293,0.000002086663,0.000001667988,-0.000000526634,-0.000001788475,0.000005972219,-0.000000406918,0.000002175244,0.000001646017,-0.000000300086,-0.000002181320,0.000005682898,-0.000001114223,0.000002172027,0.000001707766,-0.000000110921,-0.000002947781,0.000005419896,-0.000001595655,0.000002203101,0.000001702017,-0.000000095646,-0.000004015939,0.000005675658,-0.000001743230,0.000003850602,-0.000000031107,-0.000000162926,-0.000000627381,0.000009151317,-0.000004971945
-0.000000823674,0.000028306661,-0.000000745226,-0.000019113529,-0.000000880381,0.000002297951,0.000001937315,0.000001951864,-0.000000841872,-0.000004472570,0.000000809624,-0.000002206459,0.000001899742,0.000001774674,-0.000000567815,-0.000002967431,0.000000305538,-0.000002254160,0.000001762422,0.000001710125,-0.000000448920,-0.000002196008,-0.000000410645,-0.000002677907,0.000001850502,0.000001568281,-0.000000298406,-0.000001279211,-0.000000829174,-0.000003352777,0.000002174843,-0.000000059448,-0.000000115378,-0.000000663434,-0.000000941843,-0.000003430972,0.000001605302,-0.000001575993,0.000000130316,-0.000000071393,-0.000000959973,-0.000003552680,0.000001647174,-0.000001731727,0.000000184048,0.000001051066,-0.000000513016,-0.000003154162,0.000001588787,-0.000001546042,0.000000187189,0.000001304913,-0.000000280904,-0.000002324021,0.000001514231,-0.000001733971,0.000000297809,0.000002149735,-0.000000168658,-0.000001903010,0.000000029862,-0.000002203595,0.000000257903,0.000001595937,-0.000001389965,-0.000001323422,-0.000001333012,-0.000001589230,0.000000181132,0.000000603934,-0.000001902852,-0.000000638308,-0.000001376982,-0.000001518449,0.000000109978,0.000001164522,-0.000001698438,-0.000000327214,-0.000001488786,-0.000001755693,0.000000078518,0.000002104283,-0.000001608238,0.000000486887,-0.000001726402,-0.000001703272,0.000000016450,0.000002073692,-0.000001728746,0.000001343402,-0.000002648724,-0.000000274622,-0.000000058057,0.000000725581,-0.000002683476,0.000002325910,-0.000002454855,0.000001579601,-0.000000154706,-0.000001158869,-0.000002950954,0.000003069725,-0.000002425195,0.000001728728,-0.000000455378,-0.000001985703,-0.000003430885,0.000002575045,-0.000002508034,0.000001793796,-0.000000764941,-0.000002625633,-0.000004321714,0.000002025311,-0.000002522866,0.000002106254,-0.000001194532,-0.000003689758,-0.000005487924,0.000001387787,-0.000000011173,0.000003371096,-0.000001546451,-0.000007807209,-0.000001742659,-0.000000657527
0.000000535307,-0.000000745226,0.000013893758,0.000015303704,0.000000476930,-0.000001943563,-0.000000817823,-0.000000470602,0.000002422037,0.000005340218,-0.000001951138,0.000001719323,-0.000000678676,-0.000000513719,0.000001961988,0.000003840116,-0.000000663101,0.000001373432,-0.000000641356,-0.000000505816,0.000001525823,0.000002500672,0.000000529827,0.000001600402,-0.000000703273,-0.000000343997,0.000001042686,0.000000680802,0.000001139974,0.000001919318,-0.000000632440,0.000000146157,0.000000579798,0.000000355341,0.000001727271,0.000001619614,-0.000000346612,0.000000595793,0.000000176505,0.000000508697,0.000001939349,0.000001617186,-0.000000395351,0.000000563310,0.000000146837,-0.000000055519,0.000001466243,0.000001259616,-0.000000419500,0.000000499619,0.000000077743,-0.000000376085,0.000001172176,0.000000946538,-0.000000358111,0.000000432077,0.000000040877,-0.000000235790,0.000001072192,0.000000680038,-0.000000061586,0.000000517544,0.000000060788,0.000000403569,0.000000762621,0.000000637330,0.000000317889,0.000000518109,0.000000047339,0.000000107619,0.000000558339,0.000000533217,0.000000379363,0.000000511475,0.000000127056,-0.000000496479,0.000000511937,0.000000305769,0.000000399673,0.000000589843,0.000000257166,-0.000001171664,0.000000354214,-0.000000011540,0.000000506336,0.000000578875,0.000000397594,-0.000001370912,0.000000419418,-0.000000438580,0.000000795738,0.000000124127,0.000000555028,-0.000000735503,0.000001029383,-0.000000842822,0.000000920269,-0.000000490445,0.000000832521,0.000000310805,0.000001403173,-0.000001459767,0.000001044299,-0.000000661407,0.000001388113,0.000001811983,0.000002189909,-0.000001507663,0.000001170371,-0.000000792804,0.000002006903,0.000003461719,0.000003502536,-0.000001270981,0.000001231703,-0.000000959892,0.000002679747,0.000005187844,0.000005070245,-0.000000922392,-0.000000134261,-0.000001518688,0.000003183180,0.000009277851,0.000000538787,0.000000572559
0.000002927350,-0.000019113529,0.000015303704,0.000071507682,0.000023350788,-0.000003017118,-0.000003931183,-0.000002121855,0.000005320156,0.000028943271,0.000014665685,0.000016244114,-0.000003168579,-0.000001992121,0.000003605468,0.000016814682,0.000017597678,0.000013935341,-0.000002870847,-0.000001960299,0.000002417837,0.000006494579,0.000020739659,0.000014148252,-0.000002915050,-0.000001566048,0.000001140145,-0.000003202961,0.000022504616,0.000014726717,-0.000002844561,0.000000496506,0.000000150832,0.000005585842,0.000025866099,0.000013822091,-0.000001722398,0.000002597093,-0.000000873076,0.000014152173,0.000021583577,0.000014012673,-0.000001949080,0.000002655562,-0.000000883294,0.000007601714,0.000018781801,0.000012785730,-0.000001935060,0.000002310474,-0.000000922459,0.000001589328,0.000017576848,0.000011325004,-0.000001829901,0.000002275625,-0.000001033926,-0.000002889473,0.000016731519,0.000010534805,-0.000000025719,0.000002689408,-0.000000896653,0.000004213170,0.000017332686,0.000009814673,0.000001658403,0.000002046236,-0.000000748237,0.000009161440,0.000013455102,0.000009071530,0.000001716366,0.000002005379,-0.000000512631,0.000002545777,0.000012400656,0.000008787903,0.000001846451,0.000002482539,-0.000000290919,-0.000005978211,0.000011691097,0.000007540304,0.000002220422,0.000002464340,-0.000000091930,-0.000011983802,0.000011948748,0.000006055127,0.000003575845,0.000000654422,0.000000139937,-0.000006716022,0.000020429087,0.000004467573,0.000003974785,-0.000001949804,0.000000651356,0.000004019536,0.000024462639,0.000002412440,0.000004452257,-0.000002392441,0.000002188165,0.000003680683,0.000026795163,0.000002009967,0.000005215796,-0.000002808805,0.000004157619,0.000003840158,0.000031517693,0.000002506465,0.000006136778,-0.000003791262,0.000006795469,0.000007297496,0.000039129241,0.000002459211,-0.000000588856,-0.000007585202,0.000009171902,0.000037773295,0.000026033770,0.000010827132
0.000014440280,-0.000000880381,0.000000476930,0.000023350788,0.001621775546,0.000503235447,0.000001468000,-0.000003532177,0.000001390512,0.000810336370,0.001401455884,0.000519409471,0.000000859158,-0.000001704423,-0.000000232025,0.000509772813,0.001375697519,0.000527878791,0.000000568714,-0.000000424563,-0.000000480796,0.000119238949,0.001377481520,0.000528033941,0.000002753010,0.000000395953,-0.000002244089,-0.000174157101,0.001385778144,0.000516450725,0.000000102930,-0.000003022642,0.000000123591,0.000506975210,0.001393512403,0.000518410965,-0.000000689809,-0.000001996425,-0.000000273356,0.001033602721,0.000967408705,0.000527491932,-0.000001708949,-0.000000836927,-0.000000378599,0.000714181534,0.000910861877,0.000521829264,0.000001466390,0.000001364580,-0.000001703583,0.000322880395,0.000919588182,0.000521101972,-0.000000600325,-0.000001626287,-0.000000016957,0.000025716413,0.000913018546,0.000523721913,-0.000000850926,0.000000805708,-0.000000518235,0.000323584501,0.000928630074,0.000524137479,0.000001487263,0.000001510709,-0.000000404782,0.000583605877,0.000725044442,0.000522757385,-0.000000366683,-0.000001450008,0.000000958166,0.000270038217,0.000698286960,0.000528412704,-0.000000483266,0.000001852779,0.000001380173,-0.000120282733,0.000701482703,0.000522660886,0.000000796903,-0.000000152273,0.000001544698,-0.000439555193,0.000733642897,0.000519100878,-0.000000652517,0.000000228448,0.000001561976,-0.000138009739,0.001090418357,0.000520024464,0.000000976738,0.000000555640,0.000000662362,0.000345018740,0.001165305214,0.000528643687,0.000001116255,0.000001036473,0.000000543791,0.000034269215,0.001160372255,0.000521065532,0.000000621535,0.000000837115,0.000000325123,-0.000337221286,0.001159863551,0.000537978390,-0.000000209362,0.000001283034,-0.000001493561,-0.000658458192,0.001209142220,0.000530083975,0.000009128172,-0.000001432488,0.000000619106,0.000029431548,0.001590873674,0.000501062993
-0.000023205017,0.000002297951,-0.000001943563,-0.000003017118,0.000503235447,0.000238529612,-0.000003866523,0.000004712956,-0.000001296593,0.000247386489,0.000445512985,0.000179195402,-0.000002610449,0.000004838427,-0.000002034667,0.000151321414,0.000438356910,0.000176466434,-0.000002189468,0.000003859765,-0.000001476437,0.000030020016,0.000437561678,0.000172097579,-0.000000964638,0.000003649730,-0.000001605801,-0.000060569732,0.000440601598,0.000166552290,0.000000895535,0.000002738860,-0.000000793036,0.000157292148,0.000446234251,0.000166042583,0.000002636719,0.000001576617,-0.000000914931,0.000326784827,0.000311933589,0.000167658233,0.000002420442,0.000001912224,-0.000001069904,0.000224338962,0.000293771902,0.000165373946,0.000003400476,0.000002360769,-0.000001405019,0.000100004124,0.000295606174,0.000164128105,0.000002612376,0.000001386355,-0.000000759886,0.000005394260,0.000292604772,0.000165023720,0.000003049468,-0.000000051480,-0.000000857281,0.000101649280,0.000297935347,0.000164325613,0.000002658786,-0.000001924490,-0.000000428771,0.000186681704,0.000232506095,0.000164006934,0.000001776142,-0.000003368324,0.000000503305,0.000089321795,0.000224123860,0.000166685567,0.000001743861,-0.000002586866,0.000001019314,-0.000033942232,0.000225631322,0.000166510746,0.000002139295,-0.000003332701,0.000001433732,-0.000135044473,0.000236526181,0.000165852734,-0.000001261703,-0.000004032897,0.000001735113,-0.000036987860,0.000346757114,0.000168121771,-0.000003543207,-0.000002351403,0.000001247221,0.000115388461,0.000367223454,0.000173392987,-0.000003714966,-0.000002285597,0.000000762956,0.000015486721,0.000365809465,0.000172254144,-0.000003909152,-0.000002587252,0.000000268024,-0.000103481935,0.000365797463,0.000178742840,-0.000004073575,-0.000002477777,-0.000000338438,-0.000205434148,0.000381152299,0.000176144282,-0.000004848984,-0.000000473456,0.000000685959,0.000012063454,0.000496591276,0.000174790900
0.000002325021,0.000001937315,-0.000000817823,-0.000003931183,0.000001468000,-0.000003866523,0.000025166498,0.000002285647,-0.000000014326,-0.000002443516,0.000012905755,-0.000022112122,0.000002639953,-0.000000572021,-0.000000021829,0.000000512542,0.000001077176,-0.000004100647,0.000002471273,-0.000000392946,-0.000000010216,0.000000592265,0.000000985927,-0.000003279297,0.000002352631,-0.000000458001,0.000000006175,0.000000570321,0.000000688163,-0.000003052389,0.000001293129,-0.000001890875,0.000000174561,0.000001512100,-0.000000593442,-0.000002612905,-0.000000221997,-0.000002348620,0.000000372553,0.000001741693,-0.000001627163,-0.000002037110,-0.000000288821,-0.000002398011,0.000000442703,0.000002618605,-0.000001321753,-0.000001373929,-0.000000316407,-0.000002175008,0.000000409252,0.000002516452,-0.000000816137,-0.000000311923,-0.000000374779,-0.000002246050,0.000000435846,0.000002766474,-0.000000435715,0.000000092354,-0.000001712922,-0.000001401792,0.000000403729,0.000001877278,-0.000001492217,0.000000895329,-0.000002106949,0.000000129265,0.000000221338,0.000000296144,-0.000001757680,0.000001286517,-0.000001979548,0.000000413987,-0.000000021093,-0.000000589476,-0.000001641138,0.000001073887,-0.000002059715,0.000000325324,-0.000000187611,-0.000000568510,-0.000001742278,0.000000925769,-0.000002191418,0.000000410791,-0.000000382576,-0.000001071964,-0.000002031313,0.000001263765,-0.000001422675,0.000001824939,-0.000000552307,-0.000002666107,-0.000000850132,0.000001103551,0.000000055218,0.000002372807,-0.000000517707,-0.000002814338,0.000000459865,0.000000557855,0.000000159904,0.000002436584,-0.000000521275,-0.000003007896,-0.000000018386,-0.000000336269,0.000000172620,0.000002558723,-0.000000534725,-0.000003155702,-0.000000685059,-0.000001299025,0.000000377357,0.000002651046,-0.000000611803,-0.000003013111,-0.000001147728,-0.000002424921,0.000002320973,0.000001932191,-0.000000809160,-0.000003921319,0.000001500693,-0.000003876943
-0.000002769650,0.000001951864,-0.000000470602,-0.000002121855,-0.000003532177,0.000004712956,0.000002285647,0.000030067725,-0.000003641215,-0.000029603255,0.000008480729,0.000015575419,0.000000214488,0.000003448952,-0.000001266403,-0.000006235987,0.000000890391,0.000001521822,0.000000241077,0.000002991723,-0.000000950100,-0.000004892972,-0.000000289441,-0.000000343559,0.000000517157,0.000002752663,-0.000000699973,-0.000003428895,-0.000000565742,-0.000001681520,0.000001969689,0.000001669192,-0.000000537453,-0.000002412341,0.000000806962,-0.000002179017,0.000002552748,-0.000000084966,-0.000000361400,-0.000001015468,0.000001589268,-0.000002843103,0.000002660139,-0.000000249082,-0.000000323561,-0.000000418782,0.000001848480,-0.000002832889,0.000002592773,-0.000000170879,-0.000000268469,-0.000000297459,0.000001663305,-0.000002587735,0.000002518251,-0.000000335532,-0.000000119279,0.000000307567,0.000001391093,-0.000002326658,0.000001693548,-0.000001793429,-0.000000125159,0.000000842576,0.000000711916,-0.000002262021,0.000000139959,-0.000002372747,-0.000000056718,0.000001341123,-0.000000066057,-0.000001651317,-0.000000035745,-0.000002505696,0.000000058570,0.000002514051,0.000000021949,-0.000000987105,-0.000000105179,-0.000002688019,0.000000165256,0.000003260096,0.000000188578,0.000000234402,-0.000000294688,-0.000002667660,0.000000243116,0.000003331126,0.000000250822,0.000001074674,-0.000002195793,-0.000001988617,0.000000287213,0.000003121507,-0.000001788912,0.000002442440,-0.000003181028,-0.000000041782,0.000000134360,0.000001133561,-0.000003154693,0.000003748538,-0.000003161923,0.000000085313,-0.000000180286,0.000000115193,-0.000003205105,0.000003800722,-0.000003148737,0.000000027805,-0.000000430018,-0.000000470409,-0.000003359067,0.000003838534,-0.000003032975,0.000000194322,-0.000000541475,-0.000000779670,-0.000003446946,0.000003455924,-0.000002745491,0.000002006018,-0.000000469298,-0.000002146268,-0.000003558449,0.000004656012
0.000000635041,-0.000000841872,0.000002422037,0.000005320156,0.000001390512,-0.000001296593,-0.000000014326,-0.000003641215,0.000016935176,0.000026631120,-0.000012038307,-0.000004324231,-0.000000460082,-0.000001166338,0.000002702079,0.000006666588,-0.000001168438,0.000000502402,-0.000000414586,-0.000000952628,0.000002103698,0.000004633201,0.000000576989,0.000001181907,-0.000000519247,-0.000000701911,0.000001557840,0.000002271194,0.000001255688,0.000001720319,-0.000000670359,-0.000000245531,0.000001028097,0.000001471929,0.000001186435,0.000001435236,-0.000000631127,0.000000316846,0.000000552700,0.000000999062,0.000001048606,0.000001572823,-0.000000704114,0.000000286132,0.000000482740,0.000000349365,0.000000656081,0.000001285760,-0.000000740048,0.000000211622,0.000000369949,0.000000039089,0.000000490486,0.000001084250,-0.000000691281,0.000000132792,0.000000289558,0.000000234584,0.000000505440,0.000000891105,-0.000000529645,0.000000510498,0.000000255947,0.000000483655,0.000000094360,0.000001001538,-0.000000036841,0.000000810929,0.000000170686,-0.000000233431,0.000000064011,0.000000896369,0.000000056503,0.000000822278,0.000000195503,-0.000000899185,0.000000063148,0.000000530801,0.000000085442,0.000000869848,0.000000269904,-0.000001470696,-0.000000095775,0.000000076749,0.000000213376,0.000000860443,0.000000366501,-0.000001632421,-0.000000021748,-0.000000434500,0.000000739987,0.000000476424,0.000000499743,-0.000001107513,0.000000788809,-0.000000914284,0.000001029367,-0.000000187944,0.000000736772,-0.000000201979,0.000001303858,-0.000001524613,0.000001102477,-0.000000331420,0.000001182529,0.000000904346,0.000001900181,-0.000001612523,0.000001089442,-0.000000430312,0.000001677494,0.000002074824,0.000002746079,-0.000001348610,0.000000856879,-0.000000463975,0.000002016635,0.000002521710,0.000003419345,-0.000000586227,0.000000648054,-0.000000862978,0.000002433528,0.000005372616,0.000001409606,-0.000001320631
0.000006769228,-0.000004472570,0.000005340218,0.000028943271,0.000810336370,0.000247386489,-0.000002443516,-0.000029603255,0.000026631120,0.000527137086,0.000683826826,0.000248054968,-0.000001442071,-0.000005061123,0.000005762679,0.000277193344,0.000692992190,0.000269469099,-0.000001404588,-0.000003685659,0.000003975723,0.000073057247,0.000698558541,0.000271750919,-0.000000531869,-0.000002576686,0.000001605920,-0.000082640949,0.000704364493,0.000267429404,-0.000002649305,-0.000002494413,0.000001545918,0.000259234422,0.000708588678,0.000267749929,-0.000002950759,0.000000305892,0.000000182642,0.000524217026,0.000493171668,0.000272828448,-0.000003743293,0.000000961064,0.000000010785,0.000360285994,0.000462976496,0.000269134429,-0.000002204908,0.000001740687,-0.000000789877,0.000161741003,0.000466592126,0.000267799804,-0.000003118297,0.000000168121,-0.000000162086,0.000011437210,0.000463080683,0.000268482558,-0.000002091543,0.000002739164,-0.000000395088,0.000163444462,0.000471136249,0.000268514645,0.000000928087,0.000003596551,-0.000000351998,0.000294791088,0.000367929222,0.000267184888,0.000000175519,0.000002175321,0.000000424440,0.000134123936,0.000353979756,0.000269248733,0.000000238574,0.000004133219,0.000000701150,-0.000065563772,0.000354952024,0.000264849135,0.000001249491,0.000003133890,0.000000890495,-0.000228120678,0.000371118589,0.000261464194,0.000002585977,0.000001996781,0.000001055505,-0.000074865318,0.000555061298,0.000260279343,0.000004377044,-0.000000339028,0.000000989091,0.000172493533,0.000595702910,0.000262728716,0.000004611400,-0.000000438020,0.000001897029,0.000017604958,0.000594553701,0.000258631437,0.000004297593,-0.000000760169,0.000002911970,-0.000167727368,0.000596321209,0.000267845077,0.000003267699,-0.000000699514,0.000002739410,-0.000329219910,0.000622878329,0.000265834031,0.000006825867,-0.000004402309,0.000005355685,0.000030648363,0.000809558184,0.000249343873
0.000004974442,0.000000809624,-0.000001951138,0.000014665685,0.001401455884,0.000445512985,0.000012905755,0.000008480729,-0.000012038307,0.000683826826,0.001315559318,0.000473560406,0.000001854357,0.000001486491,-0.000003224966,0.000440405218,0.001222115331,0.000467373078,0.000001520713,0.000001918968,-0.000002439941,0.000098589915,0.001221746672,0.000466051822,0.000003654173,0.000002117170,-0.000003190997,-0.000157326471,0.001228538757,0.000454734459,0.000001739198,-0.000002137963,-0.000000416099,0.000449238417,0.001234885604,0.000456930749,0.000000942584,-0.000002612204,-0.000000172211,0.000917287064,0.000856110653,0.000464716654,0.000000244736,-0.000001653224,-0.000000248781,0.000635013112,0.000806966637,0.000460103044,0.000003081033,0.000000501042,-0.000001395314,0.000287882681,0.000815184452,0.000460030748,0.000001164465,-0.000002157506,0.000000233627,0.000024164665,0.000809470960,0.000462742367,0.000000153033,-0.000000761456,-0.000000258583,0.000287443419,0.000823071920,0.000463283614,0.000001114996,-0.000000330577,-0.000000197747,0.000517963504,0.000642681326,0.000462444595,-0.000000626595,-0.000003002693,0.000000943885,0.000240816189,0.000619247707,0.000467841056,-0.000000817659,-0.000000254570,0.000001271018,-0.000104281690,0.000622449954,0.000463600156,0.000000103773,-0.000002030057,0.000001350413,-0.000386917471,0.000651078783,0.000461272141,-0.000002423866,-0.000000896358,0.000001268586,-0.000119393080,0.000965535920,0.000463037455,-0.000001572591,0.000000903417,0.000000314825,0.000307640506,0.001029886848,0.000471842177,-0.000001653328,0.000001512997,-0.000000324382,0.000030611145,0.001024366324,0.000465422186,-0.000002344558,0.000001535585,-0.000001296784,-0.000300919410,0.001021791840,0.000480262555,-0.000002922888,0.000002425025,-0.000003641083,-0.000587016379,0.001062347082,0.000471165611,0.000005124683,0.000001165738,-0.000001925497,0.000017544075,0.001399885805,0.000448734876
-0.000004303863,-0.000002206459,0.000001719323,0.000016244114,0.000519409471,0.000179195402,-0.000022112122,0.000015575419,-0.000004324231,0.000248054968,0.000473560406,0.000253946024,-0.000003499054,0.000004254838,-0.000001711406,0.000159876302,0.000456679178,0.000185365318,-0.000003114715,0.000003516717,-0.000001388151,0.000031953028,0.000456249189,0.000181168827,-0.000001876412,0.000003340129,-0.000001634594,-0.000063116159,0.000459524594,0.000175453274,0.000000046736,0.000003070507,-0.000000857029,0.000163853031,0.000465707064,0.000174812920,0.000002243924,0.000002441466,-0.000001068086,0.000340561772,0.000325842234,0.000176461806,0.000002027676,0.000002825749,-0.000001247707,0.000233386881,0.000306721717,0.000173773136,0.000003057177,0.000003213964,-0.000001594548,0.000103665227,0.000308521141,0.000172014944,0.000002301360,0.000002241642,-0.000000968509,0.000004768781,0.000305363557,0.000172659998,0.000003373970,0.000000769447,-0.000001055546,0.000105506645,0.000311346965,0.000171640063,0.000003426411,-0.000001547768,-0.000000589210,0.000194599020,0.000243190790,0.000171035546,0.000002515374,-0.000003068019,0.000000395217,0.000092765398,0.000234312578,0.000173771324,0.000002512751,-0.000002138501,0.000000930790,-0.000036195309,0.000235769028,0.000173296805,0.000002976024,-0.000002904602,0.000001367186,-0.000141681039,0.000247068883,0.000172322672,-0.000000247932,-0.000004201164,0.000001683992,-0.000039155506,0.000362400741,0.000174271560,-0.000002710870,-0.000003173431,0.000001229333,0.000120335051,0.000384015922,0.000179390109,-0.000002864698,-0.000003162921,0.000000911566,0.000016630179,0.000382804818,0.000178440978,-0.000003182001,-0.000003670353,0.000000566965,-0.000107007483,0.000383174748,0.000186114982,-0.000003696118,-0.000003446702,-0.000000085933,-0.000214614795,0.000399873207,0.000185081686,-0.000004149087,-0.000001982684,0.000001716476,0.000017320625,0.000518811420,0.000180224812
0.000001762958,0.000001899742,-0.000000678676,-0.000003168579,0.000000859158,-0.000002610449,0.000002639953,0.000000214488,-0.000000460082,-0.000001442071,0.000001854357,-0.000003499054,0.000025070403,0.000001380911,-0.000000673696,-0.000003718648,0.000014421238,-0.000022033656,0.000002627824,0.000000030782,-0.000000161197,-0.000000287752,0.000001288160,-0.000003530654,0.000002560707,-0.000000171112,-0.000000026775,0.000000262563,0.000001003501,-0.000003533470,0.000001598285,-0.000001804622,0.000000149279,0.000001490665,-0.000000184171,-0.000003042697,0.000000056895,-0.000002454575,0.000000351827,0.000001880085,-0.000001291928,-0.000002459660,-0.000000018755,-0.000002505748,0.000000426473,0.000002765399,-0.000000951933,-0.000001688889,-0.000000065381,-0.000002244933,0.000000388649,0.000002557983,-0.000000405941,-0.000000504512,-0.000000147250,-0.000002301717,0.000000433315,0.000002768735,-0.000000057700,-0.000000001141,-0.000001563733,-0.000001562754,0.000000401146,0.000002012985,-0.000001127646,0.000000835506,-0.000002078343,-0.000000064268,0.000000222232,0.000000578279,-0.000001489842,0.000001304856,-0.000001959712,0.000000205854,-0.000000014634,-0.000000236936,-0.000001371850,0.000001145895,-0.000002028285,0.000000109307,-0.000000171713,-0.000000265897,-0.000001447063,0.000001085736,-0.000002162959,0.000000202214,-0.000000364534,-0.000000840427,-0.000001712731,0.000001459858,-0.000001560898,0.000001607728,-0.000000525530,-0.000002281931,-0.000000684760,0.000001451582,-0.000000214089,0.000002295728,-0.000000520371,-0.000002541128,0.000000464562,0.000001064170,-0.000000111696,0.000002349723,-0.000000559579,-0.000002944623,-0.000000015679,0.000000212220,-0.000000132869,0.000002425043,-0.000000606871,-0.000003259429,-0.000000736930,-0.000000562795,0.000000060601,0.000002538824,-0.000000688950,-0.000003332471,-0.000001119151,-0.000001583018,0.000001780540,0.000001917226,-0.000000670103,-0.000003147478,0.000000898406,-0.000002680225
-0.000002648307,0.000001774674,-0.000000513719,-0.000001992121,-0.000001704423,0.000004838427,-0.000000572021,0.000003448952,-0.000001166338,-0.000005061123,0.000001486491,0.000004254838,0.000001380911,0.000029964012,-0.000004265862,-0.000034294817,0.000004639695,0.000012249608,0.000000095465,0.000003187647,-0.000001153740,-0.000005714405,0.000000083468,0.000000003726,0.000000402076,0.000002928820,-0.000000842596,-0.000004057943,-0.000000324622,-0.000001555084,0.000001988638,0.000001850611,-0.000000632342,-0.000002580600,0.000001245684,-0.000002113170,0.000002668992,0.000000016809,-0.000000417230,-0.000000744739,0.000001949280,-0.000002806967,0.000002772671,-0.000000151575,-0.000000382648,-0.000000151437,0.000002224203,-0.000002744441,0.000002721042,-0.000000065674,-0.000000336623,-0.000000190467,0.000002097395,-0.000002511838,0.000002629281,-0.000000193932,-0.000000191828,0.000000186536,0.000001779562,-0.000002226630,0.000001879442,-0.000001753504,-0.000000190191,0.000000882246,0.000001147703,-0.000002217697,0.000000309041,-0.000002458005,-0.000000092685,0.000001601467,0.000000262482,-0.000001604217,0.000000120176,-0.000002590858,0.000000044484,0.000002728454,0.000000323528,-0.000000876621,0.000000060688,-0.000002743492,0.000000170667,0.000003315632,0.000000522482,0.000000370805,-0.000000104824,-0.000002731461,0.000000272651,0.000003353182,0.000000645976,0.000001183144,-0.000002099924,-0.000002163407,0.000000340317,0.000003343801,-0.000001414895,0.000002598181,-0.000003204910,-0.000000222133,0.000000154930,0.000001375335,-0.000002768757,0.000003965212,-0.000003153903,-0.000000094987,-0.000000189483,0.000000177695,-0.000002720960,0.000004014090,-0.000003086739,-0.000000169053,-0.000000432491,-0.000000475236,-0.000002697711,0.000004053954,-0.000002972807,-0.000000080812,-0.000000501139,-0.000000839333,-0.000002400113,0.000003953131,-0.000002646466,0.000001831217,-0.000000506759,-0.000002032077,-0.000001721092,0.000004806873
0.000000714239,-0.000000567815,0.000001961988,0.000003605468,-0.000000232025,-0.000002034667,-0.000000021829,-0.000001266403,0.000002702079,0.000005762679,-0.000003224966,-0.000001711406,-0.000000673696,-0.000004265862,0.000016853723,0.000028712560,-0.000009426294,-0.000001237309,-0.000000284250,-0.000001190077,0.000002424075,0.000005839913,-0.000000292468,0.000000523614,-0.000000437985,-0.000000877616,0.000001921224,0.000003551041,0.000000544830,0.000001339602,-0.000000669639,-0.000000378390,0.000001393335,0.000001969808,0.000000014491,0.000001083204,-0.000000720802,0.000000222503,0.000000927123,0.000000751441,-0.000000143299,0.000001260771,-0.000000825895,0.000000193406,0.000000832029,0.000000183214,-0.000000459965,0.000001014570,-0.000000869983,0.000000113138,0.000000681377,0.000000068973,-0.000000493465,0.000000879367,-0.000000816424,0.000000014446,0.000000565726,0.000000438634,-0.000000332199,0.000000679682,-0.000000719161,0.000000499758,0.000000487107,0.000000308339,-0.000000701176,0.000000867634,-0.000000181079,0.000000914028,0.000000318638,-0.000000708050,-0.000000458803,0.000000747381,-0.000000067789,0.000000941486,0.000000260661,-0.000001272147,-0.000000425361,0.000000322928,-0.000000034974,0.000000978333,0.000000252435,-0.000001582589,-0.000000607470,-0.000000215035,0.000000100185,0.000000962020,0.000000269800,-0.000001515545,-0.000000591896,-0.000000734821,0.000000724602,0.000000628219,0.000000331226,-0.000001259818,0.000000067337,-0.000001274866,0.000001084193,-0.000000067564,0.000000542295,-0.000000640916,0.000000534273,-0.000001931737,0.000001108088,-0.000000185043,0.000000954255,0.000000502693,0.000000883284,-0.000002019020,0.000001056054,-0.000000207633,0.000001380968,0.000001624155,0.000001384322,-0.000001908636,0.000000848040,-0.000000189240,0.000001648650,0.000002242446,0.000001549581,-0.000001526730,0.000000729598,-0.000000603321,0.000001972987,0.000003665117,-0.000000215490,-0.000002057527
0.000005884360,-0.000002967431,0.000003840116,0.000016814682,0.000509772813,0.000151321414,0.000000512542,-0.000006235987,0.000006666588,0.000277193344,0.000440405218,0.000159876302,-0.000003718648,-0.000034294817,0.000028712560,0.000306459892,0.000426582447,0.000164120045,-0.000001025475,-0.000005325370,0.000005730496,0.000058722488,0.000441310695,0.000171938243,-0.000000825290,-0.000003965167,0.000003427302,-0.000043921853,0.000446243141,0.000171391079,-0.000003067673,-0.000002776240,0.000002552332,0.000168009246,0.000446871119,0.000171629817,-0.000003612272,0.000000407938,0.000001006565,0.000331782266,0.000310242444,0.000175221600,-0.000004302944,0.000000921447,0.000000780350,0.000226475725,0.000290516805,0.000172466656,-0.000003380500,0.000001287947,0.000000158565,0.000100775879,0.000292686664,0.000171259106,-0.000003838118,0.000000138995,0.000000411320,0.000006308131,0.000290892148,0.000171134808,-0.000002868071,0.000002798147,0.000000227160,0.000102289085,0.000296634716,0.000171246120,0.000000054650,0.000004084634,0.000000100725,0.000184740154,0.000232173375,0.000170127048,-0.000000250426,0.000003292479,0.000000473046,0.000082463711,0.000223240372,0.000170786614,-0.000000172556,0.000004622120,0.000000494269,-0.000043968018,0.000223415633,0.000166959378,0.000000613295,0.000003951651,0.000000486787,-0.000146481605,0.000233326647,0.000164164851,0.000002891359,0.000002891232,0.000000495079,-0.000049879555,0.000350696058,0.000162384811,0.000004856772,0.000000146684,0.000000589617,0.000107053426,0.000377177689,0.000162884399,0.000004943120,0.000000061184,0.000001451716,0.000009849067,0.000376411051,0.000160097036,0.000004487407,0.000000066297,0.000002299169,-0.000107018112,0.000377137927,0.000165636445,0.000003492586,0.000000327544,0.000002066236,-0.000208890607,0.000392119597,0.000163750799,0.000005968768,-0.000003048444,0.000003840776,0.000017968442,0.000509267538,0.000152571659
0.000004496309,0.000000305538,-0.000000663101,0.000017597678,0.001375697519,0.000438356910,0.000001077176,0.000000890391,-0.000001168438,0.000692992190,0.001222115331,0.000456679178,0.000014421238,0.000004639695,-0.000009426294,0.000426582447,0.001265981849,0.000461745059,0.000001325956,0.000001848544,-0.000001749324,0.000097726603,0.001203572508,0.000459622930,0.000003522759,0.000002022301,-0.000002706304,-0.000154895623,0.001211078509,0.000448297281,0.000001558588,-0.000002201171,-0.000000142764,0.000443223189,0.001217367531,0.000450486856,0.000000666084,-0.000002471463,-0.000000083779,0.000904179013,0.000843646929,0.000458274727,-0.000000071208,-0.000001498691,-0.000000237090,0.000625754690,0.000795021164,0.000453679641,0.000002689057,0.000000640285,-0.000001465774,0.000283499905,0.000802948103,0.000453537840,0.000000818057,-0.000001968901,0.000000077086,0.000023670772,0.000797193156,0.000456118660,-0.000000025034,-0.000000419662,-0.000000451511,0.000282793390,0.000810574298,0.000456635600,0.000001197088,0.000000079072,-0.000000433618,0.000509496257,0.000633168844,0.000455697226,-0.000000476351,-0.000002548522,0.000000704699,0.000236296916,0.000610006833,0.000460798889,-0.000000648937,0.000000214263,0.000001051200,-0.000103862502,0.000612934621,0.000456361532,0.000000321637,-0.000001505460,0.000001155743,-0.000382210879,0.000641034169,0.000453688908,-0.000001901408,-0.000000693420,0.000001113219,-0.000118358745,0.000951003022,0.000455120819,-0.000000998198,0.000000685279,0.000000320194,0.000302600704,0.001014358722,0.000463494473,-0.000001055710,0.000001209264,-0.000000035060,0.000030585986,0.001009021445,0.000457203991,-0.000001905808,0.000001160854,-0.000000755714,-0.000295133273,0.001006350208,0.000472211336,-0.000002816138,0.000002179287,-0.000003016428,-0.000576806776,0.001045379313,0.000463682123,0.000004684864,0.000000654441,-0.000000677932,0.000020392964,0.001374176507,0.000441513308
-0.000002232798,-0.000002254160,0.000001373432,0.000013935341,0.000527878791,0.000176466434,-0.000004100647,0.000001521822,0.000000502402,0.000269469099,0.000467373078,0.000185365318,-0.000022033656,0.000012249608,-0.000001237309,0.000164120045,0.000461745059,0.000251570215,-0.000003597508,0.000002068922,-0.000000663991,0.000035779673,0.000461521489,0.000184588532,-0.000002476438,0.000002368100,-0.000001320712,-0.000062676734,0.000464981133,0.000179497304,-0.000000922956,0.000002638499,-0.000000578725,0.000166677989,0.000470751910,0.000178611539,0.000001237515,0.000002746590,-0.000000912178,0.000344855700,0.000329003593,0.000180419354,0.000001007860,0.000003171340,-0.000001139386,0.000236059880,0.000309503753,0.000177420186,0.000002104632,0.000003458356,-0.000001508212,0.000104895337,0.000311284836,0.000175248758,0.000001378981,0.000002448333,-0.000000956918,0.000004778275,0.000308182776,0.000175607467,0.000002766493,0.000001439144,-0.000001057277,0.000106462725,0.000314352457,0.000174489802,0.000003348217,-0.000000708778,-0.000000624004,0.000196196982,0.000245640048,0.000173614574,0.000002465035,-0.000002174216,0.000000328908,0.000092659167,0.000236566339,0.000176152028,0.000002454287,-0.000001123224,0.000000808181,-0.000038119116,0.000237869151,0.000175135501,0.000002977423,-0.000001895255,0.000001209440,-0.000144841821,0.000249192936,0.000173800870,0.000000485527,-0.000003317349,0.000001488348,-0.000041426508,0.000366761628,0.000175122393,-0.000001449830,-0.000002967379,0.000001109271,0.000120490345,0.000389492373,0.000179568144,-0.000001558835,-0.000002951938,0.000000960706,0.000016188264,0.000388300503,0.000178336608,-0.000001800294,-0.000003289442,0.000000778110,-0.000108348088,0.000388715133,0.000185417930,-0.000002426957,-0.000003145834,0.000000144635,-0.000216509742,0.000404953277,0.000184181689,-0.000002146020,-0.000002127213,0.000001359506,0.000014946220,0.000527262749,0.000177725984
0.000001589146,0.000001762422,-0.000000641356,-0.000002870847,0.000000568714,-0.000002189468,0.000002471273,0.000000241077,-0.000000414586,-0.000001404588,0.000001520713,-0.000003114715,0.000002627824,0.000000095465,-0.000000284250,-0.000001025475,0.000001325956,-0.000003597508,0.000022851889,0.000000165253,-0.000001096461,-0.000003337546,0.000013263798,-0.000019407254,0.000002770245,-0.000000241926,0.000000037980,0.000000468480,0.000001187836,-0.000004159161,0.000001633854,-0.000001970681,0.000000196158,0.000001819316,-0.000000211621,-0.000003338109,-0.000000034445,-0.000002565767,0.000000355359,0.000001905147,-0.000001486817,-0.000002692457,-0.000000129807,-0.000002598575,0.000000422883,0.000002806021,-0.000001146718,-0.000001821473,-0.000000185824,-0.000002308317,0.000000365231,0.000002585053,-0.000000561701,-0.000000526504,-0.000000277302,-0.000002334276,0.000000404840,0.000002797170,-0.000000236108,0.000000047696,-0.000001668036,-0.000001482225,0.000000360688,0.000001874688,-0.000001264722,0.000000906596,-0.000002087237,0.000000070938,0.000000176679,0.000000378376,-0.000001508353,0.000001341855,-0.000001953053,0.000000334905,-0.000000064644,-0.000000391906,-0.000001397483,0.000001125988,-0.000002015808,0.000000235863,-0.000000222514,-0.000000412728,-0.000001496972,0.000001035829,-0.000002126936,0.000000327711,-0.000000419391,-0.000000960711,-0.000001769197,0.000001343383,-0.000001442348,0.000001665435,-0.000000578933,-0.000002378742,-0.000000693241,0.000001271508,-0.000000102161,0.000002254448,-0.000000568781,-0.000002588064,0.000000447926,0.000000877928,-0.000000016448,0.000002298160,-0.000000609110,-0.000002964414,-0.000000051858,0.000000083125,-0.000000063038,0.000002352815,-0.000000656780,-0.000003256103,-0.000000796849,-0.000000590146,0.000000087830,0.000002451190,-0.000000739342,-0.000003366398,-0.000001181396,-0.000001472305,0.000001625895,0.000001788295,-0.000000628124,-0.000002840969,0.000000610147,-0.000002311545
-0.000002143574,0.000001710125,-0.000000505816,-0.000001960299,-0.000000424563,0.000003859765,-0.000000392946,0.000002991723,-0.000000952628,-0.000003685659,0.000001918968,0.000003516717,0.000000030782,0.000003187647,-0.000001190077,-0.000005325370,0.000001848544,0.000002068922,0.000000165253,0.000029792941,-0.000003309198,-0.000030363014,0.000001161498,0.000006554635,0.000000423862,0.000003153716,-0.000000978804,-0.000005245023,0.000000150103,-0.000001447904,0.000002028630,0.000001888346,-0.000000649450,-0.000002664126,0.000001814686,-0.000002058354,0.000002662867,-0.000000045587,-0.000000390375,-0.000000166985,0.000002272229,-0.000002724341,0.000002749627,-0.000000256362,-0.000000356303,0.000000622570,0.000002596494,-0.000002569796,0.000002716136,-0.000000151742,-0.000000328870,0.000000418699,0.000002588770,-0.000002249648,0.000002589781,-0.000000225006,-0.000000196336,0.000000473214,0.000002236433,-0.000001904401,0.000001838853,-0.000001736681,-0.000000202464,0.000001203126,0.000001488257,-0.000001884723,0.000000302948,-0.000002400266,-0.000000112113,0.000001890579,0.000000487949,-0.000001260599,0.000000123671,-0.000002521593,0.000000013390,0.000002787211,0.000000545797,-0.000000551967,0.000000071016,-0.000002630975,0.000000139613,0.000003058369,0.000000754791,0.000000636178,-0.000000074967,-0.000002599281,0.000000242177,0.000002909368,0.000000904758,0.000001360962,-0.000001979316,-0.000002060320,0.000000314171,0.000003008499,-0.000000827233,0.000002665866,-0.000003021913,-0.000000207319,0.000000129911,0.000001337996,-0.000001983730,0.000003936997,-0.000002944428,-0.000000061774,-0.000000212426,-0.000000019569,-0.000001888479,0.000003918516,-0.000002839297,-0.000000097176,-0.000000431960,-0.000000839990,-0.000001800661,0.000003821524,-0.000002701132,0.000000006993,-0.000000483271,-0.000001250779,-0.000001483986,0.000003585697,-0.000002172064,0.000001754729,-0.000000500292,-0.000002015740,-0.000000431782,0.000003904029
